1200
500
15 698
227 421
126 485
130 618
511 26
544 633
33 284
256 198
630 18
352 25
454 595
276 103
105 289
633 660
133 647
402 640
664 54
507 399
391 27
252 678
169 407
432 115
250 504
384 424
205 190
264 154
2 139
138 331
17 39
392 204
695 337
219 11
533 503
468 344
579 517
44 294
34 598
374 684
544 276
366 156
59 582
37 659
563 58
331 498
64 576
490 323
152 641
529 602
22 226
380 544
688 227
631 520
246 343
372 77
88 489
425 190
337 116
353 328
298 63
243 636
143 589
694 632
570 236
489 557
475 347
610 18
111 350
514 24
429 152
169 46
234 203
317 534
202 397
4 139
204 64
330 251
441 488
436 218
679 212
643 40
192 96
301 700
167 318
495 42
290 664
660 29
76 309
668 490
455 247
16 126
166 250
450 465
609 649
315 669
221 694
84 109
388 42
547 674
384 252
324 127
462 348
288 600
537 82
430 184
669 502
57 578
691 328
684 515
638 242
571 229
76 513
456 605
420 97
350 395
445 689
170 637
232 414
421 130
686 130
549 657
135 493
392 261
631 316
136 415
124 90
478 530
588 269
358 159
286 693
558 676
285 672
276 626
13 139
528 527
576 210
653 164
94 553
238 659
694 510
176 512
421 584
581 270
217 138
698 613
118 41
168 108
592 550
376 352
683 112
226 640
498 380
250 290
95 45
698 460
93 490
227 30
8 405
421 695
215 379
634 372
297 614
428 114
323 268
253 487
317 47
241 685
110 259
251 82
201 317
140 267
668 522
289 456
295 663
483 85
576 473
173 108
504 68
158 369
18 2
160 273
212 260
58 370
109 83
608 402
334 615
100 693
5 417
31 650
46 73
557 631
333 60
567 184
378 224
75 553
462 271
485 182
654 370
255 364
635 461
435 13
613 682
235 461
59 614
235 487
2 126
127 515
477 236
353 471
137 474
160 585
174 286
184 189
555 154
539 24
153 313
425 357
500 521
251 624
312 402
334 490
657 514
21 387
458 120
398 468
252 135
46 458
571 523
42 212
222 472
401 565
200 264
403 577
276 560
560 302
286 700
667 235
429 607
240 620
287 262
586 132
476 669
415 298
321 347
270 320
499 371
498 38
158 244
420 224
211 394
559 284
11 149
7 169
406 133
142 384
244 451
1 203
700 404
20 97
82 401
628 194
312 96
120 48
215 70
557 480
175 513
636 641
317 407
441 193
264 169
302 345
635 690
308 244
640 416
284 20
68 128
93 521
477 645
298 594
313 200
541 568
318 446
277 536
307 447
552 266
484 211
339 496
433 688
188 209
414 156
659 661
698 407
215 364
101 466
253 467
131 481
565 559
626 574
306 432
175 424
66 450
322 629
95 128
179 24
577 392
143 599
203 654
285 335
389 293
291 241
460 504
426 633
342 267
366 227
238 629
596 76
526 597
458 404
407 554
400 637
222 571
196 30
165 138
450 243
363 143
212 38
251 232
188 38
513 496
602 435
241 277
262 147
315 608
537 186
423 572
403 314
662 573
697 296
495 530
592 334
484 135
693 306
296 113
517 306
497 337
581 457
244 619
330 120
470 282
209 363
307 460
116 156
520 432
176 510
177 216
140 528
87 476
501 204
459 403
679 332
352 635
64 673
227 571
118 395
410 412
437 621
260 220
597 72
307 145
438 444
195 134
342 651
513 561
601 178
269 274
690 478
423 602
464 98
377 415
648 173
79 587
439 646
602 126
679 269
637 290
242 327
489 210
193 535
345 429
614 420
425 56
113 539
342 664
647 561
127 116
397 449
244 553
6 24
541 450
66 498
592 214
675 534
414 662
265 145
386 37
363 34
71 533
206 372
383 673
452 183
663 570
202 323
344 50
627 631
10 555
549 321
121 246
4 442
134 544
156 205
674 464
361 340
549 280
266 165
23 84
259 458
44 87
346 475
413 24
175 468
616 575
136 213
128 278
402 688
21 268
634 282
341 415
20 182
274 330
71 663
619 575
145 617
411 13
186 542
589 546
287 576
212 149
76 426
601 478
579 314
394 246
57 223
154 58
586 589
361 83
337 578
346 482
45 145
253 604
241 505
241 175
30 427
434 685
383 291
687 340
202 204
512 357
430 674
382 226
252 181
563 653
575 455
32 518
371 595
453 506
541 558
422 485
600 660
452 542
176 485
458 448
415 595
489 345
580 648
523 235
544 65
374 196
355 584
63 275
327 123
620 641
627 479
317 472
503 475
188 164
51 347
585 89
69 171
683 611
383 511
390 440
