900
200
497 328
41 99
420 376
338 62
380 254
176 45
491 64
209 470
482 123
44 172
194 428
60 261
174 300
256 450
488 97
274 150
304 165
101 415
117 406
18 16
190 216
494 256
309 243
306 129
370 254
256 246
115 13
428 176
263 137
45 148
158 80
194 3
468 487
405 39
59 427
388 96
172 11
94 184
164 420
185 415
345 360
457 258
71 20
114 197
243 13
351 250
455 35
334 295
255 28
86 234
17 22
147 289
240 171
376 181
312 280
203 191
64 154
13 213
118 337
392 123
236 95
84 353
313 246
315 493
410 11
42 196
161 338
43 312
304 256
380 210
235 109
414 449
249 381
5 379
166 133
230 4
111 164
402 137
224 81
101 61
469 382
221 382
364 390
311 243
275 263
345 476
220 143
260 307
101 385
125 423
96 229
104 356
96 267
491 175
168 245
284 364
248 87
323 221
396 163
83 350
24 399
355 392
194 130
224 72
292 500
64 157
129 129
486 454
47 117
329 274
238 75
25 483
263 7
244 36
238 104
459 480
363 374
230 109
18 18
492 367
161 327
27 68
13 208
340 189
431 445
50 187
213 179
425 453
218 461
66 333
497 394
322 68
194 216
360 394
345 306
313 51
257 438
274 277
228 117
72 81
17 75
83 259
63 139
350 167
154 40
182 416
74 2
42 445
10 408
214 442
261 104
4 419
205 38
69 145
85 250
228 391
259 272
458 40
236 484
336 193
283 262
70 302
156 265
343 69
33 456
245 261
80 476
5 297
129 308
314 417
261 253
209 462
14 46
379 435
150 379
153 350
454 2
319 377
344 430
309 477
225 40
122 314
153 374
201 312
248 277
239 488
198 107
399 181
210 321
114 41
328 179
211 486
454 97
243 180
180 11
437 381
441 59
275 55
43 109
349 266
